79485
162733
112714
113551
171881
133933
136067
112366
200889
90440
100829
107522
94991
100882
86043
152992
100133
69836
97108
73253
73486
78274
74471
83835
69767
90099
99354
41916
61875
59039
52059
54996
78276
48148
85141
48513
56576
83714
80956
34314
41530
43863
39770
48516
29174
66990
47204
29032
61471
46737
26981
36372
32111
47155
75466
39466
61305
24070
57515
25534
35570
39888
41703
24746
44406
43714
58410
26835
33379
34802
30613
23490
34066
28075
27264
22667
22223
33750
19232
26107
39225
23614
28915
20181
27380
31603
21627
25515
23488
22113
26562
21276
24147
23046
23196
27258
17872
20389
21529
23472
18421
23626
23729
21630
20147
19543
18301
22250
18749
24697
20121
27363
17247
19255
16396
24196
18248
19640
22414
23887
15992
20678
16246
19843
23980
22688
24678
23802
15717
19172
15347
17380
18184
21384
17569
13919
16679
16461
17417
16502
18103
20057
15683
18327
14831
14926
18971
17372
14111
17316
15721
17231
15845
15577
17325
14326
14209
13574
15394
16431
16186
17904
17079
17379
13466
14942
16710
15263
19001
12694
16997
14865
16140
14982
12767
16415
13453
14962
15791
14186
14676
13998
14466
14210
15959
14488
13587
13616
14460
16624
12516
13927
13087
11942
12984
13417
14485
10545
14340
15987
